0. Ad et dolor repellat voluptatibus. At cum aliquid eaque quibusdam. Nulla suscipit ut ullam. Et ducimus asperiores labore voluptate quos cumque sit pariatur. Quo architecto eos sed.

1. Deleniti voluptatem sed ipsa voluptatem voluptatem voluptatibus. Excepturi consectetur ut blanditiis rerum. Earum numquam laudantium itaque aut atque quas. Temporibus ratione explicabo nobis vel quo beatae.


123456789 123456789 123456789 123456789 123456789 123456789 123456789 123456789 123
223456789 123456789 123456789 123456789 123456789 123456789 123456789 123456789 123
323456789 123456789 123456789 123456789 123456789 123456789 123456789 123456789 123
423456789 123456789 123456789 123456789 123456789 123456789 123456789 123456789 123
523456789 123456789 123456789 123456789 123456789 123456789 123456789 123456789 123
623456789 123456789 123456789 123456789 123456789 123456789 123456789 123456789 123
723456789 123456789 123456789 123456789 123456789 123456789 123456789 123456789 123
823456789 123456789 123456789 123456789 123456789 123456789 123456789 123456789 123
923456789 123456789 123456789 123456789 123456789 123456789 123456789 123456789 123
023456789 123456789 123456789 123456789 123456789 123456789 123456789 123456789 123
123456789 123456789 123456789 123456789 123456789 123456789 123456789 123456789 123
223456789 123456789 123456789 123456789 123456789 123456789 123456789 123456789 123
323456789 123456789 123456789 123456789 123456789 123456789 123456789 123456789 123
423456789 123456789 123456789 123456789 123456789 123456789 123456789 123456789 123
523456789 123456789 123456789 123456789 123456789 123456789 123456789 123456789 123
623456789 123456789 123456789 123456789 123456789 123456789 123456789 123456789 123
723456789 123456789 123456789 123456789 123456789 123456789 123456789 123456789 123
823456789 123456789 123456789 123456789 123456789 123456789 123456789 123456789 123
923456789 123456789 123456789 123456789 123456789 123456789 123456789 123456789 123
023456789 123456789 123456789 123456789 123456789 123456789 123456789 123456789 123




